[1/6] uniform
/data1/gushengda/NDS_dynamic_transport/src/cpp/cvrp/Instance.cpp: In constructor ‘Instance::Instance(int, int, const std::vector<int>&, const std::vector<std::vector<float> >&)’:
/data1/gushengda/NDS_dynamic_transport/src/cpp/cvrp/Instance.cpp:16:23: warning: comparison of integer expressions of different signedness: ‘std::vector<int>::size_type’ {aka ‘long unsigned int’} and ‘int’ [-Wsign-compare]
   16 |     if (demand.size() != numNodes) {
      |         ~~~~~~~~~~~~~~^~~~~~~~~~~
/data1/gushengda/NDS_dynamic_transport/src/cpp/cvrp/Solution.cpp: In member function ‘std::unordered_set<int> ModifiedSolution::destroy(float, int, float)’:
/data1/gushengda/NDS_dynamic_transport/src/cpp/cvrp/Solution.cpp:219:22: warning: comparison of integer expressions of different signedness: ‘std::unordered_set<Tour*>::size_type’ {aka ‘long unsigned int’} and ‘int’ [-Wsign-compare]
  219 |         if (R.size() >= ks) {
      |             ~~~~~~~~~^~~~~
/data1/gushengda/NDS_dynamic_transport/src/cpp/cvrp/Solution.cpp: In member function ‘void ModifiedSolution::repair(const std::vector<int>&, float, bool)’:
/data1/gushengda/NDS_dynamic_transport/src/cpp/cvrp/Solution.cpp:295:35: warning: comparison of integer expressions of different signedness: ‘int’ and ‘std::vector<Tour>::size_type’ {aka ‘long unsigned int’} [-Wsign-compare]
  295 |         for (int t_idx = 0; t_idx < originalSolution.tours.size(); ++t_idx) {
      |                             ~~~~~~^~~~~~~~~~~~~~~~~~~~~~~~~~~~~~~
/data1/gushengda/NDS_dynamic_transport/src/cpp/cvrp/Solution.cpp:319:51: warning: comparison of integer expressions of different signedness: ‘int’ and ‘std::vector<int>::size_type’ {aka ‘long unsigned int’} [-Wsign-compare]
  319 |                     for (int new_pos = 0; new_pos < tour.nodes.size(); ++new_pos) {
      |                                           ~~~~~~~~^~~~~~~~~~~~~~~~~~~
/data1/gushengda/NDS_dynamic_transport/src/cpp/cvrp/Solution.cpp:354:35: warning: comparison of integer expressions of different signedness: ‘int’ and ‘std::vector<Tour>::size_type’ {aka ‘long unsigned int’} [-Wsign-compare]
  354 |         for (int t_idx = 0; t_idx < newTours.size(); ++t_idx) {
      |                             ~~~~~~^~~~~~~~~~~~~~~~~
/data1/gushengda/NDS_dynamic_transport/src/cpp/cvrp/Solution.cpp:362:47: warning: comparison of integer expressions of different signedness: ‘int’ and ‘std::vector<int>::size_type’ {aka ‘long unsigned int’} [-Wsign-compare]
  362 |                 for (int new_pos = 0; new_pos < tour.nodes.size(); ++new_pos) {
      |                                       ~~~~~~~~^~~~~~~~~~~~~~~~~~~
/data1/gushengda/NDS_dynamic_transport/src/cpp/cvrp/Tour.cpp: In member function ‘void Tour::updateCostAndDemand(const Instance&)’:
/data1/gushengda/NDS_dynamic_transport/src/cpp/cvrp/Tour.cpp:20:27: warning: comparison of integer expressions of different signedness: ‘int’ and ‘std::vector<int>::size_type’ {aka ‘long unsigned int’} [-Wsign-compare]
   20 |         for (int j = 0; j < nodes.size() - 1; ++j) {
      |                         ~~^~~~~~~~~~~~~~~~~~
Worker exception occurred: __init__(): incompatible constructor arguments. The following argument types are supported:
    1. src.cpp.cvrp.NDSOps.Instance(numCustomers: typing.SupportsInt | typing.SupportsIndex, vehicleCapacity: typing.SupportsInt | typing.SupportsIndex, demand: collections.abc.Sequence[typing.SupportsInt | typing.SupportsIndex], nodePositions: collections.abc.Sequence[collections.abc.Sequence[typing.SupportsFloat | typing.SupportsIndex]])

Invoked with: 100, array([50]), array([0, 5, 5, 9, 3, 7, 2, 9, 9, 2, 7, 1, 9, 4, 7, 2, 2, 2, 3, 8, 2, 7,
       9, 4, 1, 4, 6, 2, 4, 2, 4, 7, 7, 2, 6, 6, 5, 8, 4, 6, 3, 8, 5, 5,
       2, 3, 8, 2, 8, 3, 4, 3, 6, 8, 1, 2, 8, 3, 3, 3, 3, 8, 6, 4, 1, 4,
       1, 5, 6, 3, 2, 4, 1, 3, 1, 7, 8, 2, 8, 8, 4, 4, 2, 1, 9, 2, 3, 4,
       2, 2, 4, 4, 6, 9, 3, 6, 6, 2, 5, 6, 4], dtype=int32), array([[0.60108626, 0.5725756 ],
       [0.5796361 , 0.5310924 ],
       [0.9875439 , 0.5055877 ],
       [0.46588522, 0.67858547],
       [0.8737654 , 0.9047684 ],
       [0.971729  , 0.6607413 ],
       [0.75950396, 0.6599877 ],
       [0.58781177, 0.29513717],
       [0.39157695, 0.9988833 ],
       [0.57196134, 0.51353383],
       [0.9115258 , 0.8682355 ],
       [0.63119954, 0.40450633],
       [0.988254  , 0.988686  ],
       [0.6791865 , 0.95723534],
       [0.07789302, 0.12075031],
       [0.34895456, 0.96730214],
       [0.12480986, 0.34125125],
       [0.859083  , 0.20469677],
       [0.38597238, 0.35375893],
       [0.55037886, 0.15238643],
       [0.8061985 , 0.06304514],
       [0.8004672 , 0.21892202],
       [0.20459175, 0.5884379 ],
       [0.38442212, 0.8805791 ],
       [0.22070706, 0.646344  ],
       [0.3604939 , 0.46127707],
       [0.59471667, 0.13477713],
       [0.82223076, 0.6457897 ],
       [0.16246694, 0.17231554],
       [0.87330717, 0.29513466],
       [0.24978143, 0.01585943],
       [0.69693077, 0.8377395 ],
       [0.01898766, 0.30538827],
       [0.67688453, 0.15080261],
       [0.6933627 , 0.8148155 ],
       [0.6642469 , 0.56303   ],
       [0.98235494, 0.07558316],
       [0.4564541 , 0.36256462],
       [0.07381994, 0.747156  ],
       [0.1870901 , 0.4983651 ],
       [0.6928683 , 0.59950316],
       [0.6456594 , 0.0046134 ],
       [0.4527564 , 0.94410133],
       [0.13243449, 0.6092467 ],
       [0.03523713, 0.695943  ],
       [0.52124417, 0.7547559 ],
       [0.7818908 , 0.7323249 ],
       [0.16581905, 0.92143166],
       [0.47981274, 0.9757087 ],
       [0.66972595, 0.02480876],
       [0.67729443, 0.68876666],
       [0.82344985, 0.5757343 ],
       [0.0678975 , 0.3736769 ],
       [0.79263693, 0.71815944],
       [0.1519683 , 0.4079978 ],
       [0.74261296, 0.4812224 ],
       [0.68836594, 0.38724798],
       [0.3703993 , 0.562876  ],
       [0.5096217 , 0.1007688 ],
       [0.9055933 , 0.84655863],
       [0.9135085 , 0.14353079],
       [0.70389414, 0.61681896],
       [0.32129174, 0.9544067 ],
       [0.3738997 , 0.37030935],
       [0.00232595, 0.11303544],
       [0.34707332, 0.05575305],
       [0.6877588 , 0.1815657 ],
       [0.1669271 , 0.27875072],
       [0.10832638, 0.6295311 ],
       [0.16610777, 0.30156553],
       [0.23271674, 0.11041349],
       [0.26398367, 0.56149113],
       [0.44772726, 0.94775254],
       [0.4257167 , 0.5688927 ],
       [0.01060414, 0.70803404],
       [0.35901368, 0.46237892],
       [0.00713617, 0.1840105 ],
       [0.6202905 , 0.8012143 ],
       [0.31072593, 0.6349087 ],
       [0.5624176 , 0.1524527 ],
       [0.893313  , 0.5738226 ],
       [0.53457814, 0.17365503],
       [0.5082956 , 0.8511501 ],
       [0.96677864, 0.23456633],
       [0.46452987, 0.5477879 ],
       [0.32858157, 0.2905563 ],
       [0.31605673, 0.5329327 ],
       [0.5827905 , 0.06586236],
       [0.02635694, 0.2594037 ],
       [0.5088855 , 0.26168978],
       [0.6865042 , 0.4353382 ],
       [0.2579133 , 0.95461506],
       [0.8252392 , 0.96847737],
       [0.9894036 , 0.91171056],
       [0.86665845, 0.8743677 ],
       [0.4366234 , 0.621023  ],
       [0.7045129 , 0.40358603],
       [0.89625204, 0.71778554],
       [0.7448194 , 0.4449731 ],
       [0.5689    , 0.33828098],
       [0.82121295, 0.83411765]], dtype=float32)
Worker exception occurred: __init__(): incompatible constructor arguments. The following argument types are supported:
    1. src.cpp.cvrp.NDSOps.Instance(numCustomers: typing.SupportsInt | typing.SupportsIndex, vehicleCapacity: typing.SupportsInt | typing.SupportsIndex, demand: collections.abc.Sequence[typing.SupportsInt | typing.SupportsIndex], nodePositions: collections.abc.Sequence[collections.abc.Sequence[typing.SupportsFloat | typing.SupportsIndex]])

Invoked with: 100, array([50]), array([0, 8, 5, 7, 1, 3, 3, 5, 4, 5, 6, 5, 4, 4, 5, 7, 7, 2, 2, 7, 9, 3,
       9, 5, 3, 2, 3, 6, 2, 3, 3, 1, 6, 6, 3, 7, 1, 3, 3, 3, 7, 3, 7, 2,
       5, 7, 8, 3, 7, 2, 7, 6, 3, 2, 3, 8, 9, 8, 8, 1, 2, 8, 2, 9, 7, 5,
       1, 6, 9, 1, 1, 4, 5, 4, 6, 4, 4, 9, 7, 5, 7, 9, 7, 4, 6, 5, 3, 4,
       9, 7, 4, 2, 5, 7, 3, 4, 8, 4, 5, 2, 3], dtype=int32), array([[0.2488569 , 0.20923316],
       [0.4736958 , 0.9132313 ],
       [0.49275243, 0.14836031],
       [0.09991193, 0.98616093],
       [0.24842238, 0.40055084],
       [0.56402063, 0.2728994 ],
       [0.43007743, 0.77139395],
       [0.27768958, 0.9593019 ],
       [0.10775381, 0.36864245],
       [0.6881918 , 0.9189293 ],
       [0.16854578, 0.80117327],
       [0.25744128, 0.0432961 ],
       [0.5756504 , 0.89688486],
       [0.34759265, 0.02081275],
       [0.73385715, 0.3866796 ],
       [0.7123898 , 0.9624296 ],
       [0.13293028, 0.71197665],
       [0.07284868, 0.1806882 ],
       [0.845847  , 0.8117582 ],
       [0.09113187, 0.37774312],
       [0.29439473, 0.649686  ],
       [0.2716871 , 0.24717242],
       [0.65540445, 0.06189281],
       [0.13304085, 0.91451514],
       [0.66628224, 0.37743688],
       [0.9415897 , 0.99008304],
       [0.4343087 , 0.16682178],
       [0.9690143 , 0.32414508],
       [0.33825678, 0.9961286 ],
       [0.4084016 , 0.7602233 ],
       [0.00684649, 0.267646  ],
       [0.8144368 , 0.5171984 ],
       [0.9066429 , 0.18951136],
       [0.8269006 , 0.23262215],
       [0.0294562 , 0.7758374 ],
       [0.42433298, 0.22519237],
       [0.81490594, 0.6942456 ],
       [0.75872755, 0.64643127],
       [0.33527267, 0.01520079],
       [0.56793106, 0.09108311],
       [0.3772714 , 0.993407  ],
       [0.827747  , 0.78617877],
       [0.19018781, 0.7032052 ],
       [0.6593444 , 0.52603406],
       [0.05573344, 0.6730932 ],
       [0.9362787 , 0.7785453 ],
       [0.29170954, 0.5578122 ],
       [0.1323883 , 0.44112867],
       [0.29787916, 0.57462966],
       [0.14111674, 0.6663382 ],
       [0.2775705 , 0.3603136 ],
       [0.8922594 , 0.9936102 ],
       [0.9995672 , 0.3446257 ],
       [0.704921  , 0.97925115],
       [0.72431564, 0.7829133 ],
       [0.94984245, 0.56316227],
       [0.50671273, 0.61150616],
       [0.58738303, 0.18732965],
       [0.06105107, 0.17144746],
       [0.09890378, 0.26863974],
       [0.19008923, 0.06270188],
       [0.9621337 , 0.62464565],
       [0.21919888, 0.91825587],
       [0.07870144, 0.95394987],
       [0.2683469 , 0.26317424],
       [0.04123306, 0.3068267 ],
       [0.17551416, 0.00794262],
       [0.55529124, 0.2639652 ],
       [0.19124573, 0.4919368 ],
       [0.30644345, 0.74769366],
       [0.48025227, 0.04709703],
       [0.6680841 , 0.92738503],
       [0.58892167, 0.8058873 ],
       [0.255709  , 0.47129327],
       [0.9831258 , 0.07032055],
       [0.26426584, 0.2254225 ],
       [0.68251956, 0.59233856],
       [0.7779713 , 0.7409413 ],
       [0.9686369 , 0.73188996],
       [0.49102622, 0.70752573],
       [0.5614114 , 0.13257581],
       [0.70112115, 0.29029155],
       [0.92090946, 0.6226333 ],
       [0.34756035, 0.24563724],
       [0.60235363, 0.529782  ],
       [0.54496235, 0.9913342 ],
       [0.82073045, 0.3033722 ],
       [0.7561752 , 0.42431378],
       [0.96354294, 0.63560194],
       [0.19657344, 0.8219909 ],
       [0.6364431 , 0.8398875 ],
       [0.04869449, 0.88842803],
       [0.40544528, 0.5697705 ],
       [0.8708223 , 0.5856078 ],
       [0.45208186, 0.8959874 ],
       [0.7421726 , 0.44996393],
       [0.68574977, 0.5603738 ],
       [0.42087233, 0.27162766],
       [0.7421293 , 0.7698571 ],
       [0.05432677, 0.9767869 ],
       [0.12184191, 0.9114054 ]], dtype=float32)
Worker exception occurred: __init__(): incompatible constructor arguments. The following argument types are supported:
    1. src.cpp.cvrp.NDSOps.Instance(numCustomers: typing.SupportsInt | typing.SupportsIndex, vehicleCapacity: typing.SupportsInt | typing.SupportsIndex, demand: collections.abc.Sequence[typing.SupportsInt | typing.SupportsIndex], nodePositions: collections.abc.Sequence[collections.abc.Sequence[typing.SupportsFloat | typing.SupportsIndex]])

Invoked with: 100, array([50]), array([0, 4, 8, 3, 1, 4, 5, 2, 9, 9, 1, 3, 4, 3, 8, 8, 4, 3, 8, 8, 5, 2,
       9, 4, 2, 5, 6, 9, 7, 4, 6, 9, 1, 2, 4, 5, 2, 1, 6, 1, 9, 6, 6, 6,
       3, 4, 7, 7, 3, 8, 9, 7, 9, 4, 4, 4, 3, 5, 1, 5, 8, 8, 9, 1, 8, 2,
       1, 4, 3, 5, 4, 7, 7, 6, 6, 2, 3, 1, 7, 4, 3, 5, 9, 2, 2, 2, 7, 8,
       8, 5, 2, 7, 5, 5, 4, 7, 7, 5, 1, 2, 4], dtype=int32), array([[0.4063068 , 0.8796094 ],
       [0.225137  , 0.10732991],
       [0.29644197, 0.08894157],
       [0.17130417, 0.4999817 ],
       [0.7530245 , 0.05176783],
       [0.57495826, 0.1777916 ],
       [0.43619382, 0.53727   ],
       [0.10488153, 0.839339  ],
       [0.9063449 , 0.858141  ],
       [0.15065765, 0.02181184],
       [0.4906364 , 0.16907614],
       [0.1045478 , 0.9988767 ],
       [0.39007735, 0.33657628],
       [0.8635944 , 0.5162477 ],
       [0.2928409 , 0.43907368],
       [0.27755797, 0.64202803],
       [0.8608918 , 0.1785022 ],
       [0.32349807, 0.5199187 ],
       [0.29051274, 0.39235377],
       [0.08576339, 0.07632625],
       [0.47481614, 0.25222522],
       [0.6382144 , 0.2206412 ],
       [0.17816079, 0.7901004 ],
       [0.18461496, 0.6981523 ],
       [0.96279734, 0.4956668 ],
       [0.19489217, 0.9111181 ],
       [0.08227539, 0.0248329 ],
       [0.8276338 , 0.1034525 ],
       [0.80181885, 0.777306  ],
       [0.79430753, 0.13537717],
       [0.85145533, 0.44031388],
       [0.9812034 , 0.3123411 ],
       [0.29744482, 0.81077147],
       [0.4353214 , 0.12311947],
       [0.5764272 , 0.33757192],
       [0.26506197, 0.54717565],
       [0.15446573, 0.0028612 ],
       [0.11121625, 0.15878934],
       [0.79823846, 0.7313732 ],
       [0.47911882, 0.5701743 ],
       [0.22784269, 0.6305572 ],
       [0.29296196, 0.7671808 ],
       [0.7078596 , 0.12618089],
       [0.13682777, 0.2827028 ],
       [0.70136845, 0.74742   ],
       [0.9925925 , 0.969075  ],
       [0.35159475, 0.5775945 ],
       [0.5986323 , 0.28793174],
       [0.79873395, 0.18925601],
       [0.593185  , 0.7543236 ],
       [0.00952381, 0.00111955],
       [0.11534655, 0.0814684 ],
       [0.67413116, 0.8589658 ],
       [0.1686781 , 0.00208229],
       [0.17787462, 0.12527603],
       [0.45196462, 0.18587756],
       [0.24074894, 0.61426914],
       [0.54366034, 0.862687  ],
       [0.3202328 , 0.2234574 ],
       [0.8340067 , 0.4262395 ],
       [0.695916  , 0.9747726 ],
       [0.8538008 , 0.12663287],
       [0.24301946, 0.10869688],
       [0.06606013, 0.8323559 ],
       [0.24781388, 0.77244633],
       [0.91552716, 0.7729733 ],
       [0.35941052, 0.8023244 ],
       [0.15537554, 0.81151426],
       [0.876584  , 0.52685636],
       [0.3147145 , 0.7120469 ],
       [0.99543965, 0.3995219 ],
       [0.59408176, 0.17080677],
       [0.84747416, 0.22021252],
       [0.51974654, 0.0176664 ],
       [0.19622386, 0.03153044],
       [0.28228402, 0.75043267],
       [0.8874553 , 0.38597995],
       [0.76966643, 0.8311554 ],
       [0.200171  , 0.8665482 ],
       [0.2930138 , 0.09550208],
       [0.3901394 , 0.4616109 ],
       [0.6617149 , 0.1189999 ],
       [0.3588845 , 0.03593343],
       [0.95799714, 0.7640831 ],
       [0.0534609 , 0.02296329],
       [0.9654649 , 0.92074513],
       [0.8277805 , 0.4838832 ],
       [0.9671666 , 0.986942  ],
       [0.04824656, 0.5936051 ],
       [0.55957776, 0.6151328 ],
       [0.91643965, 0.37291247],
       [0.6322381 , 0.7931534 ],
       [0.26590657, 0.03111219],
       [0.5080023 , 0.46160662],
       [0.6167161 , 0.6266745 ],
       [0.66342586, 0.91921467],
       [0.10814148, 0.6045939 ],
       [0.8106129 , 0.40324306],
       [0.67370516, 0.5193994 ],
       [0.6848705 , 0.04946059],
       [0.7532183 , 0.6975197 ]], dtype=float32)
Worker exception occurred: __init__(): incompatible constructor arguments. The following argument types are supported:
    1. src.cpp.cvrp.NDSOps.Instance(numCustomers: typing.SupportsInt | typing.SupportsIndex, vehicleCapacity: typing.SupportsInt | typing.SupportsIndex, demand: collections.abc.Sequence[typing.SupportsInt | typing.SupportsIndex], nodePositions: collections.abc.Sequence[collections.abc.Sequence[typing.SupportsFloat | typing.SupportsIndex]])

Invoked with: 100, array([50]), array([0, 7, 3, 4, 5, 3, 8, 9, 6, 4, 1, 7, 6, 1, 3, 3, 5, 5, 6, 3, 8, 3,
       2, 9, 8, 4, 8, 1, 3, 7, 6, 5, 3, 4, 7, 9, 8, 4, 6, 6, 3, 4, 2, 8,
       8, 6, 3, 7, 6, 7, 7, 5, 4, 6, 1, 2, 6, 4, 4, 1, 4, 2, 1, 7, 9, 8,
       8, 5, 3, 5, 3, 3, 9, 8, 4, 5, 3, 7, 5, 7, 9, 9, 7, 6, 4, 9, 6, 7,
       7, 3, 3, 7, 3, 6, 8, 5, 5, 7, 9, 1, 2], dtype=int32), array([[0.38228112, 0.05338526],
       [0.03276694, 0.0672096 ],
       [0.08400226, 0.3187698 ],
       [0.54297733, 0.00691909],
       [0.9516843 , 0.35562307],
       [0.34817147, 0.79207265],
       [0.7315943 , 0.87135535],
       [0.34581596, 0.8591293 ],
       [0.34254795, 0.11808711],
       [0.3600626 , 0.03344941],
       [0.33348596, 0.36451656],
       [0.95159507, 0.74827427],
       [0.9232255 , 0.48168653],
       [0.1083917 , 0.30740696],
       [0.47926116, 0.04943132],
       [0.91846967, 0.04607671],
       [0.69194686, 0.12877792],
       [0.14735985, 0.40651846],
       [0.22802895, 0.85187685],
       [0.435912  , 0.6366416 ],
       [0.7139552 , 0.3329876 ],
       [0.11451346, 0.42851722],
       [0.754577  , 0.0604341 ],
       [0.4421674 , 0.81650364],
       [0.65047735, 0.98685277],
       [0.5363195 , 0.13857406],
       [0.04263216, 0.4562785 ],
       [0.36094165, 0.02223343],
       [0.03714556, 0.77739435],
       [0.06199044, 0.12586284],
       [0.78963286, 0.3368808 ],
       [0.9533235 , 0.11454022],
       [0.5661524 , 0.30143875],
       [0.9802196 , 0.92352337],
       [0.10053343, 0.09722227],
       [0.25445074, 0.13857669],
       [0.48581326, 0.924519  ],
       [0.16097796, 0.5038498 ],
       [0.5207492 , 0.6554053 ],
       [0.2577703 , 0.6465581 ],
       [0.98068583, 0.23861349],
       [0.9720023 , 0.4014532 ],
       [0.5125532 , 0.86923945],
       [0.97979236, 0.04018337],
       [0.81284183, 0.01306671],
       [0.43633294, 0.82391196],
       [0.97349495, 0.14916003],
       [0.4274264 , 0.70500934],
       [0.15175617, 0.91824144],
       [0.33308607, 0.23267502],
       [0.37742645, 0.5178639 ],
       [0.5618691 , 0.00165927],
       [0.21924931, 0.55905235],
       [0.9265632 , 0.11092263],
       [0.7799165 , 0.1865148 ],
       [0.5778189 , 0.10071266],
       [0.41339278, 0.7630328 ],
       [0.7936601 , 0.8744502 ],
       [0.29325217, 0.44021362],
       [0.98396915, 0.62195176],
       [0.6797801 , 0.2604109 ],
       [0.05207133, 0.63352233],
       [0.5909064 , 0.18133658],
       [0.9930452 , 0.15757066],
       [0.98942167, 0.50396943],
       [0.395477  , 0.33800542],
       [0.01011837, 0.81760013],
       [0.6486932 , 0.9248904 ],
       [0.51557153, 0.44229156],
       [0.2870906 , 0.57148236],
       [0.8113027 , 0.3220039 ],
       [0.62142295, 0.1404866 ],
       [0.6956923 , 0.4426906 ],
       [0.41617268, 0.75459194],
       [0.86917603, 0.5343454 ],
       [0.5016735 , 0.6103898 ],
       [0.3038078 , 0.8004748 ],
       [0.11807626, 0.93135595],
       [0.38973248, 0.0028699 ],
       [0.7659181 , 0.8640669 ],
       [0.23168343, 0.57150155],
       [0.03898418, 0.836548  ],
       [0.8502039 , 0.4834702 ],
       [0.4953279 , 0.7997306 ],
       [0.58692396, 0.3185165 ],
       [0.6627775 , 0.8188649 ],
       [0.8960935 , 0.32602376],
       [0.14747429, 0.63894564],
       [0.5513959 , 0.363447  ],
       [0.39196545, 0.25456816],
       [0.5179212 , 0.53512424],
       [0.04399961, 0.7609089 ],
       [0.95252913, 0.24264258],
       [0.74765867, 0.5359855 ],
       [0.6802303 , 0.08358359],
       [0.6807821 , 0.53883463],
       [0.07759523, 0.3328483 ],
       [0.6798375 , 0.17152399],
       [0.8203162 , 0.5608922 ],
       [0.6703477 , 0.436836  ],
       [0.34069204, 0.3792578 ]], dtype=float32)
Worker exception occurred: __init__(): incompatible constructor arguments. The following argument types are supported:
    1. src.cpp.cvrp.NDSOps.Instance(numCustomers: typing.SupportsInt | typing.SupportsIndex, vehicleCapacity: typing.SupportsInt | typing.SupportsIndex, demand: collections.abc.Sequence[typing.SupportsInt | typing.SupportsIndex], nodePositions: collections.abc.Sequence[collections.abc.Sequence[typing.SupportsFloat | typing.SupportsIndex]])

Invoked with: 100, array([50]), array([0, 3, 5, 2, 8, 4, 6, 9, 4, 1, 4, 8, 2, 1, 8, 8, 7, 9, 1, 4, 2, 7,
       1, 2, 3, 8, 4, 2, 1, 4, 5, 7, 4, 9, 8, 4, 8, 1, 8, 1, 9, 9, 4, 2,
       2, 5, 7, 6, 7, 6, 7, 5, 6, 1, 1, 7, 4, 7, 2, 8, 3, 5, 6, 8, 9, 9,
       2, 8, 2, 6, 9, 1, 5, 8, 2, 7, 5, 4, 1, 9, 1, 9, 5, 6, 3, 7, 1, 4,
       9, 4, 1, 8, 9, 7, 7, 6, 4, 2, 3, 2, 6], dtype=int32), array([[0.8327792 , 0.3643291 ],
       [0.24922752, 0.9452232 ],
       [0.52414805, 0.2776299 ],
       [0.61215985, 0.02289665],
       [0.2217654 , 0.77407193],
       [0.707811  , 0.03128737],
       [0.8558998 , 0.7524704 ],
       [0.29540867, 0.9176057 ],
       [0.45562238, 0.09006166],
       [0.02171224, 0.01715142],
       [0.6478047 , 0.1981116 ],
       [0.03826231, 0.8200222 ],
       [0.12053317, 0.9923571 ],
       [0.38147956, 0.87557185],
       [0.11062831, 0.04913235],
       [0.6187488 , 0.5145548 ],
       [0.20197177, 0.9392821 ],
       [0.20325333, 0.9634356 ],
       [0.99300694, 0.18681508],
       [0.57055885, 0.22786784],
       [0.84432983, 0.17148584],
       [0.22514963, 0.9032493 ],
       [0.3160578 , 0.16125953],
       [0.80763435, 0.32204688],
       [0.08246672, 0.4875303 ],
       [0.57424897, 0.6803293 ],
       [0.79780746, 0.62793666],
       [0.06305856, 0.372846  ],
       [0.18812537, 0.9154885 ],
       [0.0143019 , 0.7458991 ],
       [0.13600099, 0.12614733],
       [0.7901297 , 0.18090886],
       [0.6642269 , 0.46653986],
       [0.974358  , 0.34185702],
       [0.08463848, 0.06827933],
       [0.9592351 , 0.30141824],
       [0.5189399 , 0.08801556],
       [0.81153595, 0.544829  ],
       [0.98860043, 0.993168  ],
       [0.02233118, 0.5740682 ],
       [0.44162476, 0.5513216 ],
       [0.5113707 , 0.7228864 ],
       [0.9813032 , 0.14522749],
       [0.43134648, 0.53756845],
       [0.72265345, 0.08186412],
       [0.01634824, 0.40742975],
       [0.4527521 , 0.29547107],
       [0.90995073, 0.91893953],
       [0.25318712, 0.45582974],
       [0.9986852 , 0.83947325],
       [0.39786208, 0.20421994],
       [0.38048136, 0.4166807 ],
       [0.0049603 , 0.8451705 ],
       [0.31370634, 0.6981032 ],
       [0.27112043, 0.84604234],
       [0.81005776, 0.99310684],
       [0.3152638 , 0.94726264],
       [0.7897852 , 0.02935064],
       [0.34363627, 0.56083924],
       [0.9897622 , 0.36063814],
       [0.8172072 , 0.3348502 ],
       [0.99744207, 0.29687488],
       [0.6710033 , 0.99753505],
       [0.14055008, 0.1473288 ],
       [0.52624035, 0.96435106],
       [0.21912646, 0.54293704],
       [0.688741  , 0.77551776],
       [0.83315885, 0.24234033],
       [0.07993329, 0.03229344],
       [0.2859683 , 0.43920887],
       [0.43406326, 0.25412565],
       [0.457515  , 0.5286957 ],
       [0.8855879 , 0.6071659 ],
       [0.39599895, 0.10604709],
       [0.7905566 , 0.2101416 ],
       [0.48405945, 0.77607214],
       [0.395617  , 0.45932895],
       [0.41620642, 0.31528437],
       [0.7508582 , 0.9958667 ],
       [0.81720996, 0.6246998 ],
       [0.07342684, 0.859433  ],
       [0.19247723, 0.01604569],
       [0.42138195, 0.07246977],
       [0.6849836 , 0.6665285 ],
       [0.14041287, 0.333611  ],
       [0.9616496 , 0.42434484],
       [0.7735916 , 0.82937473],
       [0.02699393, 0.3245849 ],
       [0.491867  , 0.33197266],
       [0.50582945, 0.8715938 ],
       [0.5611342 , 0.8706835 ],
       [0.02885783, 0.47043395],
       [0.03767967, 0.19042528],
       [0.8838639 , 0.07517409],
       [0.15015984, 0.2759741 ],
       [0.6698119 , 0.91835153],
       [0.32306314, 0.62991065],
       [0.9954448 , 0.47856492],
       [0.32653666, 0.78740466],
       [0.9870012 , 0.22806144],
       [0.00777978, 0.86717665]], dtype=float32)
Worker exception occurred: __init__(): incompatible constructor arguments. The following argument types are supported:
    1. src.cpp.cvrp.NDSOps.Instance(numCustomers: typing.SupportsInt | typing.SupportsIndex, vehicleCapacity: typing.SupportsInt | typing.SupportsIndex, demand: collections.abc.Sequence[typing.SupportsInt | typing.SupportsIndex], nodePositions: collections.abc.Sequence[collections.abc.Sequence[typing.SupportsFloat | typing.SupportsIndex]])

Invoked with: 100, array([50]), array([0, 8, 1, 1, 3, 8, 1, 5, 9, 2, 3, 1, 5, 9, 4, 7, 3, 5, 3, 7, 1, 7,
       7, 1, 9, 6, 1, 1, 6, 9, 2, 6, 4, 8, 1, 6, 7, 5, 4, 3, 2, 7, 5, 4,
       8, 1, 6, 9, 3, 8, 6, 2, 1, 8, 8, 3, 9, 2, 3, 2, 5, 5, 4, 7, 4, 4,
       9, 3, 1, 6, 1, 7, 4, 1, 8, 8, 3, 1, 7, 5, 2, 8, 1, 4, 2, 3, 2, 9,
       8, 4, 5, 2, 5, 9, 8, 8, 7, 8, 3, 2, 5], dtype=int32), array([[0.6485274 , 0.07851923],
       [0.9911093 , 0.8727371 ],
       [0.53132737, 0.8760298 ],
       [0.6514884 , 0.7730539 ],
       [0.4226687 , 0.12067473],
       [0.92482173, 0.48782307],
       [0.19071329, 0.11654049],
       [0.2689817 , 0.27258635],
       [0.703992  , 0.03467953],
       [0.39336574, 0.09846878],
       [0.12540579, 0.9741514 ],
       [0.9596506 , 0.16583508],
       [0.81276697, 0.34852386],
       [0.61897355, 0.90663314],
       [0.11811757, 0.1245594 ],
       [0.927961  , 0.48290378],
       [0.2846632 , 0.908133  ],
       [0.05752349, 0.22204572],
       [0.9020014 , 0.5735262 ],
       [0.09332174, 0.07609147],
       [0.6379519 , 0.8714027 ],
       [0.6644678 , 0.0105589 ],
       [0.36259288, 0.78355134],
       [0.7402765 , 0.37180036],
       [0.8671248 , 0.12243927],
       [0.61656755, 0.5720748 ],
       [0.8827971 , 0.6540938 ],
       [0.5501179 , 0.60316694],
       [0.19043767, 0.79351836],
       [0.7350022 , 0.763917  ],
       [0.8036505 , 0.07174385],
       [0.76213586, 0.35357428],
       [0.7370456 , 0.26136005],
       [0.7120613 , 0.320682  ],
       [0.15393782, 0.9106278 ],
       [0.23759413, 0.41361123],
       [0.7906005 , 0.9807956 ],
       [0.32665032, 0.10461015],
       [0.58601505, 0.3824501 ],
       [0.27437097, 0.02831095],
       [0.21446067, 0.30132842],
       [0.43578953, 0.80900794],
       [0.91899323, 0.9819624 ],
       [0.8342433 , 0.38879943],
       [0.90571964, 0.543348  ],
       [0.51500213, 0.43173414],
       [0.8038844 , 0.6302546 ],
       [0.27575165, 0.68487847],
       [0.09002537, 0.93762   ],
       [0.68584263, 0.7151376 ],
       [0.6571206 , 0.5758285 ],
       [0.7381488 , 0.77692604],
       [0.16574085, 0.5256162 ],
       [0.6659354 , 0.22651482],
       [0.9144039 , 0.72043955],
       [0.7930285 , 0.1262281 ],
       [0.11940742, 0.04941851],
       [0.8380779 , 0.8587051 ],
       [0.68555146, 0.5366862 ],
       [0.4076562 , 0.7091002 ],
       [0.29410696, 0.7822426 ],
       [0.4575091 , 0.64960736],
       [0.6835672 , 0.25873947],
       [0.8610792 , 0.14505106],
       [0.80126166, 0.74676096],
       [0.35862213, 0.16300112],
       [0.7761301 , 0.33178836],
       [0.46212864, 0.51335996],
       [0.8192149 , 0.586857  ],
       [0.18222624, 0.3749612 ],
       [0.8686347 , 0.7819998 ],
       [0.6770117 , 0.74168646],
       [0.07060939, 0.59019405],
       [0.90922576, 0.81514555],
       [0.5413002 , 0.6059448 ],
       [0.15780938, 0.21354026],
       [0.05472779, 0.35687047],
       [0.10223579, 0.8573877 ],
       [0.05637598, 0.6379512 ],
       [0.88385874, 0.30778867],
       [0.36212116, 0.15065753],
       [0.63515043, 0.5671295 ],
       [0.6061052 , 0.46417463],
       [0.6980858 , 0.7848156 ],
       [0.33274138, 0.45298105],
       [0.7625835 , 0.72408944],
       [0.4931885 , 0.9524997 ],
       [0.60258275, 0.35332268],
       [0.46965396, 0.23810005],
       [0.6906061 , 0.75500786],
       [0.9438657 , 0.60559154],
       [0.4240641 , 0.31076914],
       [0.5414542 , 0.866867  ],
       [0.03070468, 0.82914406],
       [0.8068842 , 0.39093906],
       [0.28231245, 0.712088  ],
       [0.58632183, 0.48384285],
       [0.23556405, 0.94624794],
       [0.46358615, 0.506134  ],
       [0.068452  , 0.0705139 ],
       [0.58744514, 0.6401962 ]], dtype=float32)
Worker exception occurred: __init__(): incompatible constructor arguments. The following argument types are supported:
    1. src.cpp.cvrp.NDSOps.Instance(numCustomers: typing.SupportsInt | typing.SupportsIndex, vehicleCapacity: typing.SupportsInt | typing.SupportsIndex, demand: collections.abc.Sequence[typing.SupportsInt | typing.SupportsIndex], nodePositions: collections.abc.Sequence[collections.abc.Sequence[typing.SupportsFloat | typing.SupportsIndex]])

Invoked with: 100, array([50]), array([0, 3, 1, 2, 3, 2, 7, 1, 4, 6, 7, 8, 8, 5, 3, 6, 3, 9, 1, 3, 3, 7,
       5, 2, 1, 9, 8, 1, 7, 9, 7, 7, 6, 8, 7, 9, 3, 9, 8, 4, 1, 6, 3, 1,
       3, 7, 3, 9, 5, 2, 9, 4, 1, 5, 1, 4, 2, 1, 2, 3, 3, 1, 1, 5, 4, 2,
       7, 7, 5, 6, 6, 6, 7, 6, 9, 3, 2, 5, 6, 3, 9, 5, 3, 8, 4, 9, 3, 4,
       8, 2, 8, 3, 2, 1, 4, 7, 2, 9, 9, 6, 6], dtype=int32), array([[0.1042062 , 0.00546426],
       [0.94593275, 0.19780743],
       [0.7338686 , 0.7106381 ],
       [0.05752885, 0.14595717],
       [0.91912407, 0.86521465],
       [0.84764725, 0.9885011 ],
       [0.13278621, 0.78299767],
       [0.6174459 , 0.51232946],
       [0.2579565 , 0.19291794],
       [0.8199426 , 0.8924754 ],
       [0.95014274, 0.89388025],
       [0.72478586, 0.41167068],
       [0.24733055, 0.39698577],
       [0.09831429, 0.6116534 ],
       [0.58392173, 0.9257232 ],
       [0.54322344, 0.64608324],
       [0.39897525, 0.38109487],
       [0.7409582 , 0.254144  ],
       [0.63290256, 0.11851299],
       [0.6217473 , 0.6953882 ],
       [0.23041958, 0.5776829 ],
       [0.80204785, 0.2056951 ],
       [0.88281345, 0.63042724],
       [0.53016657, 0.36975217],
       [0.94070446, 0.23449868],
       [0.5165362 , 0.02456617],
       [0.67053074, 0.06651032],
       [0.5065301 , 0.8443026 ],
       [0.7138835 , 0.44111115],
       [0.8231792 , 0.29783332],
       [0.27795464, 0.474656  ],
       [0.5728924 , 0.6553219 ],
       [0.06532454, 0.00788432],
       [0.58905405, 0.44327712],
       [0.16433394, 0.28559864],
       [0.7619049 , 0.23399329],
       [0.42958313, 0.01060504],
       [0.88183737, 0.88303053],
       [0.7819998 , 0.58303094],
       [0.425184  , 0.60007226],
       [0.6145848 , 0.3343519 ],
       [0.68544483, 0.44375914],
       [0.53459704, 0.38300532],
       [0.48042166, 0.25943655],
       [0.9124823 , 0.39827663],
       [0.65181875, 0.2673787 ],
       [0.51952267, 0.5792131 ],
       [0.22861421, 0.26180285],
       [0.26267153, 0.3728565 ],
       [0.46894175, 0.93328464],
       [0.07495809, 0.17645401],
       [0.49050093, 0.7749025 ],
       [0.5781181 , 0.34469646],
       [0.00640273, 0.41970217],
       [0.9364053 , 0.5397426 ],
       [0.94944495, 0.50519323],
       [0.6502091 , 0.60280144],
       [0.8114738 , 0.91502124],
       [0.52775437, 0.8511952 ],
       [0.1798644 , 0.5216894 ],
       [0.7601537 , 0.6878331 ],
       [0.99631083, 0.7644931 ],
       [0.50998276, 0.2605059 ],
       [0.9616091 , 0.8911866 ],
       [0.19924629, 0.6393681 ],
       [0.8125    , 0.6934256 ],
       [0.5788443 , 0.347291  ],
       [0.36733687, 0.89284927],
       [0.336421  , 0.27737206],
       [0.83440644, 0.8775648 ],
       [0.4355808 , 0.5012222 ],
       [0.9213414 , 0.9412691 ],
       [0.95003104, 0.47660553],
       [0.84573066, 0.18794197],
       [0.4181146 , 0.1636858 ],
       [0.9094191 , 0.14780068],
       [0.66199833, 0.4965917 ],
       [0.5782926 , 0.8233049 ],
       [0.05690038, 0.4895813 ],
       [0.7996775 , 0.30774033],
       [0.62691915, 0.01918644],
       [0.02535164, 0.5866477 ],
       [0.66487634, 0.8518038 ],
       [0.57015324, 0.5337345 ],
       [0.4908538 , 0.41386712],
       [0.21131456, 0.36763567],
       [0.6617619 , 0.46501368],
       [0.71284336, 0.9841064 ],
       [0.72788316, 0.18438232],
       [0.220375  , 0.8324455 ],
       [0.20613623, 0.09478784],
       [0.79536194, 0.45560628],
       [0.37402946, 0.04117858],
       [0.25912273, 0.61690074],
       [0.92723197, 0.09650636],
       [0.22420716, 0.8104486 ],
       [0.6241092 , 0.2870311 ],
       [0.3467567 , 0.5254562 ],
       [0.80032533, 0.7049399 ],
       [0.76616454, 0.56687385],
       [0.24726796, 0.3516736 ]], dtype=float32)
Worker exception occurred: __init__(): incompatible constructor arguments. The following argument types are supported:
    1. src.cpp.cvrp.NDSOps.Instance(numCustomers: typing.SupportsInt | typing.SupportsIndex, vehicleCapacity: typing.SupportsInt | typing.SupportsIndex, demand: collections.abc.Sequence[typing.SupportsInt | typing.SupportsIndex], nodePositions: collections.abc.Sequence[collections.abc.Sequence[typing.SupportsFloat | typing.SupportsIndex]])

Invoked with: 100, array([50]), array([0, 2, 8, 9, 3, 2, 6, 6, 7, 9, 4, 4, 6, 6, 9, 9, 1, 3, 8, 2, 3, 1,
       3, 3, 4, 4, 1, 3, 8, 4, 5, 5, 8, 1, 3, 7, 5, 1, 1, 3, 7, 8, 3, 7,
       5, 7, 9, 3, 5, 1, 1, 2, 3, 4, 5, 7, 8, 6, 2, 5, 7, 7, 7, 9, 2, 7,
       6, 3, 4, 6, 7, 7, 4, 7, 4, 9, 4, 6, 8, 3, 7, 1, 6, 2, 2, 3, 5, 6,
       3, 8, 7, 4, 9, 6, 5, 6, 6, 2, 2, 4, 8], dtype=int32), array([[0.5769277 , 0.71792483],
       [0.47431105, 0.99801   ],
       [0.27754724, 0.26471657],
       [0.26912463, 0.6250783 ],
       [0.24714965, 0.5895413 ],
       [0.37883723, 0.9314415 ],
       [0.58726245, 0.33829373],
       [0.61935645, 0.55986565],
       [0.45223558, 0.24192572],
       [0.8816688 , 0.8706339 ],
       [0.0570156 , 0.3098454 ],
       [0.6276947 , 0.15264678],
       [0.9614527 , 0.8366757 ],
       [0.9760745 , 0.2851686 ],
       [0.1238547 , 0.26615852],
       [0.63788664, 0.07180119],
       [0.4051165 , 0.13913113],
       [0.85426813, 0.3975262 ],
       [0.3234359 , 0.9309643 ],
       [0.84759283, 0.4693458 ],
       [0.92680585, 0.8034577 ],
       [0.99279505, 0.38233852],
       [0.7623253 , 0.09951484],
       [0.14717954, 0.62003493],
       [0.63101107, 0.10003173],
       [0.38364935, 0.54504544],
       [0.94058424, 0.12326986],
       [0.7372331 , 0.6278536 ],
       [0.35731685, 0.64004254],
       [0.877904  , 0.18181074],
       [0.5966051 , 0.08013695],
       [0.7037481 , 0.9821697 ],
       [0.5423501 , 0.04477304],
       [0.35244793, 0.2773056 ],
       [0.15072525, 0.5928828 ],
       [0.24116641, 0.30879056],
       [0.58281803, 0.3067472 ],
       [0.08737326, 0.6350183 ],
       [0.01121289, 0.3749016 ],
       [0.33194798, 0.47819424],
       [0.9600152 , 0.2099793 ],
       [0.87283224, 0.8812815 ],
       [0.5398924 , 0.77421707],
       [0.5263218 , 0.13253856],
       [0.43341756, 0.34337866],
       [0.06139666, 0.52307206],
       [0.7909184 , 0.8684878 ],
       [0.08455557, 0.5139942 ],
       [0.3253656 , 0.11047578],
       [0.30774164, 0.87454945],
       [0.2329045 , 0.00383312],
       [0.598214  , 0.48611957],
       [0.24328929, 0.17724109],
       [0.5558054 , 0.68610626],
       [0.9404962 , 0.41483802],
       [0.42540592, 0.3100763 ],
       [0.46173424, 0.12577748],
       [0.19303286, 0.64110315],
       [0.25509083, 0.362718  ],
       [0.58187366, 0.92367625],
       [0.11760235, 0.29710233],
       [0.5910106 , 0.6250645 ],
       [0.43431586, 0.91061354],
       [0.6120386 , 0.65398747],
       [0.6404501 , 0.19875729],
       [0.7679288 , 0.99433976],
       [0.24350828, 0.7445936 ],
       [0.9108551 , 0.30560893],
       [0.44887716, 0.543342  ],
       [0.5183253 , 0.69040954],
       [0.44947106, 0.26940322],
       [0.3806932 , 0.09034264],
       [0.7934968 , 0.7722058 ],
       [0.5046423 , 0.37814713],
       [0.95048475, 0.30491596],
       [0.9684834 , 0.23325115],
       [0.58673084, 0.5126167 ],
       [0.5103457 , 0.30045193],
       [0.93737805, 0.5872335 ],
       [0.1401403 , 0.70195746],
       [0.00993317, 0.9419676 ],
       [0.6638934 , 0.08017367],
       [0.6986485 , 0.77177536],
       [0.03512132, 0.5740414 ],
       [0.8861109 , 0.42008513],
       [0.74170804, 0.7629326 ],
       [0.6358683 , 0.930591  ],
       [0.09597826, 0.9396582 ],
       [0.97303736, 0.21331912],
       [0.00789255, 0.76396465],
       [0.09456396, 0.38352334],
       [0.9542929 , 0.8743784 ],
       [0.04398078, 0.05462646],
       [0.42377102, 0.4022811 ],
       [0.28958827, 0.7506423 ],
       [0.975596  , 0.9291937 ],
       [0.9392322 , 0.9704087 ],
       [0.92715615, 0.50892925],
       [0.20802027, 0.21927434],
       [0.24228948, 0.89912385],
       [0.07553101, 0.0422309 ]], dtype=float32)
